100,1000,blue,green,black
6
882
746
54
898
507
113
117
693
235
289
445
124
462
853
899
17
86
510
111
699
936
595
99
448
389
268
790
681
127
358
644
346
414
541
914
304
664
667
824
597
518
404
327
337
129
969
948
648
873
712
619
502
225
437
364
531
124
905
123
884
749
687
21
981
259
587
907
590
725
205
28
989
168
799
321
100
341
503
890
395
674
141
911
58
559
308
371
363
9
155
775
461
535
302
173
838
18
622
674